comp = [55, 30, 15; 25, 45, 30; 25, 20, 55;];
comp = comp / 100;
need = [4800, 5800, 5700];
answer = need*comp
